BVE2000000
#ACCELERATION
1.1,1.8,5,5,0.78
1.3,1.8,10,10,0.86
2.2,2.9,16,16,0.92
1.13,2.5,70,95,0.92
3.0,1.1,138,145,0.95
0,0,0,0,1
0,0,0,0,1
0,0,0,0,1
#PERFORMANCE
3.6
0.34
#DELAY
0.8
0.8
0
0
0.8
0.4
#MOVE
120
120
50
1000
588
196
#BRAKE
1
2
7
#PRESSURE
314
314
784
882
#HANDLE
1
5
5
0
#COCKPIT
0
2500
-1000
#CAR
30
2
20
2
17
0
#DEVICE
1
1
1
1
0
1
20
0
#MOTOR_P1
0,10,120
0,10,120
0,11,120
0,11,120
0,12,120
0,12,120
0,13,120
0,13,120
0,13,120
0,14,120
0,14,120
0,15,120
0,15,120
0,16,120
0,16,120
0,16,120
0,17,120
0,17,120
0,18,120
0,18,120
0,19,120
0,19,120
0,19,120
0,20,120
0,20,120
0,21,120
0,21,120
0,22,120
0,22,120
0,22,120
0,23,120
0,23,120
0,24,120
0,24,120
0,25,120
0,25,120
0,25,120
0,26,120
0,26,120
0,27,120
0,27,120
0,28,120
0,28,120
0,29,120
0,29,120
0,29,120
0,30,120
0,30,120
0,31,120
0,31,120
0,32,120
0,32,120
0,32,120
0,33,120
0,33,120
0,34,120
0,34,120
0,35,120
0,35,120
0,35,120
0,36,120
0,36,120
0,37,120
0,37,120
0,38,120
0,38,120
0,38,120
0,39,120
0,39,120
0,40,120
0,40,120
0,41,120
0,41,120
0,41,120
0,42,120
0,42,120
0,43,120
0,43,120
0,44,120
0,44,120
0,44,120
0,45,120
0,45,120
0,46,120
0,46,120
0,47,120
0,47,120
0,47,120
0,48,120
0,48,120
0,49,120
0,49,120
0,50,120
0,50,120
0,50,120
0,51,120
0,51,120
0,52,120
0,52,120
0,53,120
0,53,120
0,53,120
0,54,120
0,54,120
0,55,120
0,55,120
0,56,120
0,56,120
0,56,120
0,57,120
0,57,120
0,58,120
0,58,120
0,59,120
0,59,120
0,60,120
0,60,120
0,60,120
0,61,120
0,61,120
0,62,120
0,62,120
0,63,120
0,63,120
0,63,120
0,64,120
0,64,120
0,65,120
0,65,120
0,66,120
0,66,120
0,66,120
0,67,120
0,67,120
0,68,120
0,68,120
0,69,120
0,69,120
0,69,120
0,70,120
0,70,120
0,71,120
0,71,120
0,72,120
0,72,120
0,72,120
0,73,120
0,73,120
0,74,120
0,74,120
0,75,120
0,75,120
0,75,120
0,76,120
0,76,120
0,77,120
0,77,120
0,78,120
0,78,120
0,78,120
0,79,120
0,79,120
0,80,120
0,80,120
0,81,120
0,81,120
0,81,120
0,82,120
0,82,120
0,83,120
0,83,120
0,84,120
0,84,120
0,84,120
0,85,120
0,85,120
0,86,120
0,86,120
0,87,120
0,87,120
0,87,120
0,88,120
0,88,120
0,89,120
0,89,120
0,90,120
0,90,120
0,91,120
0,91,120
0,91,120
0,92,120
0,92,120
0,93,120
0,93,120
0,94,120
0,94,120
0,94,120
0,95,120
0,95,120
0,96,120
0,96,120
0,97,120
0,97,120
0,97,120
0,98,120
0,98,120
0,99,120
0,99,120
0,100,120
0,100,120
0,100,120
0,101,120
0,101,120
0,102,120
0,102,120
0,103,120
0,103,120
0,103,120
0,104,120
0,104,120
0,105,120
0,105,120
0,106,120
0,106,120
0,106,120
0,107,120
0,107,120
0,108,120
0,108,120
0,109,120
0,109,120
0,109,120
0,110,120
0,110,120
0,111,120
0,111,120
0,112,120
0,112,120
0,112,120
0,113,120
0,113,120
0,114,120
0,114,120
0,115,120
0,115,120
0,115,120
0,116,120
0,116,120
0,117,120
0,117,120
0,118,120
0,118,120
0,118,120
0,119,120
0,119,120
0,120,120
0,120,120
0,121,120
0,121,120
0,122,120
0,122,120
0,122,120
0,123,120
0,123,120
0,124,120
0,124,120
0,125,120
0,125,120
0,125,120
0,126,120
0,126,120
0,127,120
0,127,120
0,128,120
0,128,120
0,128,120
0,129,120
0,129,120
0,130,120
0,130,120
0,131,120
0,131,120
0,131,120
0,132,120
0,132,120
0,133,120
0,133,120
0,134,120
0,134,120
0,134,120
0,135,120
0,135,120
0,136,120
0,136,120
0,137,120
0,137,120
0,137,120
0,138,120
0,138,120
0,139,120
0,139,120
0,140,120
0,140,120
0,140,120
0,141,120
0,141,120
0,142,120
0,142,120
0,143,120
0,143,120
0,143,120
0,144,120
0,144,120
0,145,120
0,145,120
0,146,120
0,146,120
0,146,120
0,147,120
0,147,120
0,148,120
0,148,120
0,149,120
0,149,120
0,149,120
0,150,120
0,150,120
0,151,120
0,151,120
0,152,120
0,152,120
0,153,120
0,153,120
0,153,120
0,154,120
0,154,120
0,155,120
0,155,120
0,156,120
0,156,120
0,156,120
0,157,120
0,157,120
0,158,120
0,158,120
0,159,120
0,159,120
0,159,120
0,160,120
0,160,120
0,161,120
0,161,120
0,162,120
0,162,120
0,162,120
0,163,120
0,163,120
0,164,120
0,164,120
0,165,120
0,165,120
0,165,120
0,166,120
0,166,120
0,167,120
0,167,120
0,168,120
0,168,120
0,168,120
0,169,120
0,169,120
0,170,120
0,170,120
0,171,120
0,171,120
0,171,120
0,172,120
0,172,120
0,173,120
0,173,120
0,174,120
0,174,120
0,174,120
0,175,120
0,175,120
0,176,120
0,176,120
0,177,120
0,177,120
0,177,120
0,178,120
0,178,120
0,179,120
0,179,120
0,180,120
0,180,120
0,180,120
0,181,120
0,181,120
0,182,120
0,182,120
0,183,120
0,183,120
0,184,120
0,184,120
0,184,120
0,185,120
0,185,120
0,186,120
0,186,120
0,187,120
0,187,120
0,187,120
0,188,120
0,188,120
0,189,120
0,189,120
0,190,120
0,190,120
0,190,120
0,191,120
0,191,120
0,192,120
0,192,120
0,193,120
0,193,120
0,193,120
0,194,120
0,194,120
0,195,120
0,195,120
0,196,120
0,196,120
0,196,120
0,197,120
0,197,120
0,198,120
0,198,120
0,199,120
0,199,120
0,199,120
0,200,120
0,200,120
0,201,120
0,201,120
0,202,120
0,202,120
0,202,120
0,203,120
0,203,120
0,204,120
0,204,120
0,205,120
0,205,120
0,205,120
0,206,120
0,206,120
0,207,120
0,207,120
0,208,120
0,208,120
0,208,120
0,209,120
0,209,120
0,210,120
0,210,120
0,211,120
0,211,120
0,211,120
0,212,120
0,212,120
0,213,120
0,213,120
0,214,120
0,214,120
0,215,120
0,215,120
0,215,120
0,216,120
0,216,120
0,217,120
0,217,120
0,218,120
0,218,120
0,218,120
0,219,120
0,219,120
0,220,120
0,220,120
0,221,120
0,221,120
0,221,120
0,222,120
0,222,120
0,223,120
0,223,120
0,224,120
0,224,120
0,224,120
0,225,120
0,225,120
0,226,120
0,226,120
0,227,120
0,227,120
0,227,120
0,228,120
0,228,120
0,229,120
0,229,120
0,230,120
0,230,120
0,230,120
0,231,120
0,231,120
0,232,120
0,232,120
0,233,120
0,233,120
0,233,120
0,234,120
0,234,120
0,235,120
0,235,120
0,236,120
0,236,120
0,236,120
0,237,120
0,237,120
0,238,120
0,238,120
0,239,120
0,239,120
0,239,120
0,240,120
0,240,120
0,241,120
0,241,120
0,242,120
0,242,120
0,242,120
0,243,120
0,243,120
0,244,120
0,244,120
0,245,120
0,245,120
0,246,120
0,246,120
0,246,120
0,247,120
0,247,120
0,248,120
0,248,120
0,249,120
0,249,120
0,249,120
0,250,120
0,250,120
0,251,120
0,251,120
0,252,120
0,252,120
0,252,120
0,253,120
0,253,120
0,254,120
0,254,120
0,255,120
0,255,120
0,255,120
0,256,120
0,256,120
0,257,120
0,257,120
0,258,120
0,258,120
0,258,120
0,259,120
0,259,120
0,260,120
0,260,120
0,261,120
0,261,120
0,261,120
0,262,120
0,262,120
0,263,120
0,263,120
0,264,120
0,264,120
0,264,120
0,265,120
0,265,120
0,266,120
0,266,120
0,267,120
0,267,120
0,267,120
0,268,120
0,268,120
0,269,120
0,269,120
0,270,120
0,270,120
0,270,120
0,271,120
0,271,120
0,272,120
0,272,120
0,273,120
0,273,120
0,273,120
0,274,120
0,274,120
0,275,120
0,275,120
0,276,120
0,276,120
0,277,120
0,277,120
0,277,120
0,278,120
0,278,120
0,279,120
0,279,120
0,280,120
0,280,120
0,280,120
0,281,120
0,281,120
0,282,120
0,282,120
0,283,120
0,283,120
0,283,120
0,284,120
0,284,120
0,285,120
0,285,120
0,286,120
0,286,120
0,286,120
0,287,120
0,287,120
0,288,120
0,288,120
0,289,120
0,289,120
0,289,120
0,290,120
0,290,120
0,291,120
0,291,120
0,292,120
0,292,120
0,292,120
0,293,120
0,293,120
0,294,120
0,294,120
0,295,120
0,295,120
0,295,120
0,296,120
0,296,120
0,297,120
0,297,120
0,298,120
0,298,120
0,298,120
0,299,120
0,299,120
0,300,120
0,300,120
0,301,120
0,301,120
0,301,120
0,302,120
0,302,120
0,303,120
0,303,120
0,304,120
0,304,120
0,304,120
0,305,120
0,305,120
0,306,120
0,306,120
0,307,120
0,307,120
0,308,120
0,308,120
0,308,120
0,309,120
0,309,120
0,310,120
0,310,120
0,311,120
0,311,120
0,311,120
0,312,120
0,312,120
0,313,120
0,313,120
0,314,120
0,314,120
0,314,120
0,315,120
0,315,120
0,316,120
0,316,120
0,317,120
0,317,120
0,317,120
0,318,120
0,318,120
0,319,120
0,319,120
0,320,120
0,320,120
0,320,120
0,321,120
0,321,120
0,322,120
0,322,120
0,323,120
0,323,120
0,323,120
0,324,120
0,324,120
0,325,120
0,325,120
0,326,120
0,326,120
0,326,120
0,327,120
0,327,120
0,328,120
0,328,120
0,329,120
0,329,120
0,329,120
0,330,120
0,330,120
0,331,120
0,331,120
0,332,120
0,332,120
0,332,120
0,333,120
0,333,120
0,334,120
0,334,120
0,335,120
0,335,120
0,335,120
0,336,120
0,336,120
0,337,120
0,337,120
0,338,120
0,338,120
0,339,120
0,339,120
0,339,120
0,340,120
0,340,120
0,341,120
0,341,120
0,342,120
0,342,120
0,342,120
0,343,120
0,343,120
0,344,120
0,344,120
0,345,120
0,345,120
0,345,120
0,346,120
0,346,120
0,347,120
0,347,120
0,348,120
0,348,120
0,348,120
0,349,120
0,349,120
0,350,120
0,350,120
0,351,120
0,351,120
0,351,120
0,352,120
0,352,120
0,353,120
0,353,120
0,354,120
0,354,120
#MOTOR_P2
1,10,10
1,10,10
1,10,10
1,10,10
1,10,10
1,10,10
1,10,10
1,10,10
1,10,10
1,10,10
1,10,10
1,10,10
1,10,10
1,10,10
1,10,10
1,10,10
1,10,10
1,10,10
1,10,10
1,10,10
1,10,10
1,10,10
1,10,10
1,10,10
1,10,10
1,10,10
1,10,10
1,10,10
1,10,10
1,10,10
1,10,10
1,10,10
1,10,10
1,10,10
1,10,10
1,10,10
1,10,10
1,10,10
1,10,10
1,10,10
1,10,10
1,10,10
1,10,10
1,10,10
1,10,10
1,10,10
1,10,10
1,10,10
1,10,10
1,10,10
1,10,10
1,10,10
1,10,10
1,10,10
1,10,10
1,10,10
1,10,10
1,10,10
1,10,10
1,10,10
1,10,10
1,10,10
1,10,10
1,10,10
1,10,10
1,10,10
1,10,10
1,10,10
1,10,10
1,10,10
1,10,10
1,10,10
1,10,10
1,10,10
1,10,10
1,10,10
1,10,10
1,10,10
1,10,10
1,10,10
1,10,10
1,10,10
1,10,10
1,10,10
1,10,10
1,10,10
1,10,10
1,10,10
1,10,10
1,10,10
1,10,10
1,10,10
1,10,10
1,10,10
1,10,10
1,10,10
1,10,10
1,10,10
1,10,10
1,10,10
1,10,10
1,10,10
1,10,10
1,10,10
1,10,10
1,10,10
1,10,10
1,10,10
1,10,10
1,10,10
1,10,10
1,10,10
1,10,10
1,10,10
1,10,10
1,10,10
1,10,10
1,10,10
1,10,10
1,10,10
1,10,10
1,10,10
1,10,10
1,10,10
1,10,10
1,10,10
1,10,10
1,10,10
1,10,10
1,10,10
1,10,10
1,10,10
1,10,10
1,10,10
1,10,10
1,10,10
1,10,10
1,10,10
1,10,10
1,10,10
1,10,10
1,10,10
1,10,10
1,10,10
1,10,10
1,10,10
1,10,10
1,10,10
1,10,10
1,10,10
1,10,10
1,10,10
1,10,10
1,10,10
1,10,10
1,10,10
1,10,10
1,10,10
1,10,10
1,10,10
1,10,10
1,10,10
1,10,10
1,10,10
1,10,10
1,10,10
1,10,10
1,10,10
1,10,10
1,10,10
1,10,10
1,10,10
1,10,10
1,10,10
1,10,10
1,10,10
1,10,10
1,10,10
1,10,10
1,10,10
1,10,10
1,10,10
1,10,10
1,10,10
1,10,10
1,10,10
1,10,10
1,10,10
1,10,10
1,10,10
1,10,10
1,10,10
1,10,10
1,10,10
1,10,10
1,10,10
1,10,10
1,10,10
1,10,10
1,10,10
1,10,10
1,10,10
1,10,10
1,10,10
1,10,10
1,10,10
1,10,10
1,10,10
1,10,10
1,10,10
1,10,10
1,10,10
1,10,10
1,10,10
1,10,10
1,10,10
1,10,10
1,10,10
1,10,10
1,10,10
1,10,10
1,10,10
1,10,10
1,10,10
1,10,10
1,10,10
1,10,10
1,10,10
1,10,10
1,10,10
1,10,10
1,10,10
1,10,10
1,10,10
1,10,10
1,10,10
1,10,10
1,10,10
1,10,10
1,10,10
1,10,10
1,10,10
1,10,10
1,10,10
1,10,10
1,10,10
1,10,10
1,10,10
1,10,10
1,10,10
1,10,10
1,10,10
1,10,10
1,10,10
1,10,10
1,10,10
1,10,10
1,10,10
1,10,10
1,10,10
1,10,10
1,10,10
1,10,10
1,10,10
1,10,10
1,10,10
1,10,10
1,10,10
1,10,10
1,10,10
1,10,10
1,10,10
1,10,10
1,10,10
1,10,10
1,10,10
1,10,10
1,10,10
1,10,10
1,10,10
1,10,10
1,10,10
1,10,10
1,10,10
1,10,10
1,10,10
1,10,10
1,10,10
1,10,10
1,10,10
1,10,10
1,10,10
1,10,10
1,10,10
1,10,10
1,10,10
1,10,10
1,10,10
1,10,10
1,10,10
1,10,10
1,10,10
1,10,10
1,10,10
1,10,10
1,10,10
1,10,10
1,10,10
1,10,10
1,10,10
1,10,10
1,10,10
1,10,10
1,10,10
1,10,10
1,10,10
1,10,10
1,10,10
1,10,10
1,10,10
1,10,10
1,10,10
1,10,10
1,10,10
1,10,10
1,10,10
1,10,10
1,10,10
1,10,10
1,10,10
1,10,10
1,10,10
1,10,10
1,10,10
1,10,10
1,10,10
1,10,10
1,10,10
1,10,10
1,10,10
1,10,10
1,10,10
1,10,10
1,10,10
1,10,10
1,10,10
1,10,10
1,10,10
1,10,10
1,10,10
1,10,10
1,10,10
1,10,10
1,10,10
1,10,10
1,10,10
1,10,10
1,10,10
1,10,10
1,10,10
1,10,10
1,10,10
1,10,10
1,10,10
1,10,10
1,10,10
1,10,10
1,10,10
1,10,10
1,10,10
1,10,10
1,10,10
1,10,10
1,10,10
1,10,10
1,10,10
1,10,10
1,10,10
1,10,10
1,10,10
1,10,10
1,10,10
1,10,10
1,10,10
1,10,10
1,10,10
1,10,10
1,10,10
1,10,10
1,10,10
1,10,10
1,10,10
1,10,10
1,10,10
1,10,10
1,10,10
1,10,10
1,10,10
1,10,10
1,10,10
1,10,10
1,10,10
1,10,10
1,10,10
1,10,10
1,10,10
1,10,10
1,10,10
1,10,10
1,10,10
1,10,10
1,10,10
1,10,10
1,10,10
1,10,10
1,10,10
1,10,10
1,10,10
1,10,10
1,10,10
1,10,10
1,10,10
1,10,10
1,10,10
1,10,10
1,10,10
1,10,10
1,10,10
1,10,10
1,10,10
1,10,10
1,10,10
1,10,10
1,10,10
1,10,10
1,10,10
1,10,10
1,10,10
1,10,10
1,10,10
1,10,10
1,10,10
1,10,10
1,10,10
1,10,10
1,10,10
1,10,10
1,10,10
1,10,10
1,10,10
1,10,10
1,10,10
1,10,10
1,10,10
1,10,10
1,10,10
1,10,10
1,10,10
1,10,10
1,10,10
1,10,10
1,10,10
1,10,10
1,10,10
1,10,10
1,10,10
1,10,10
1,10,10
1,10,10
1,10,10
1,10,10
1,10,10
1,10,10
1,10,10
1,10,10
1,10,10
1,10,10
1,10,10
1,10,10
1,10,10
1,10,10
1,10,10
1,10,10
1,10,10
1,10,10
1,10,10
1,10,10
1,10,10
1,10,10
1,10,10
1,10,10
1,10,10
1,10,10
1,10,10
1,10,10
1,10,10
1,10,10
1,10,10
1,10,10
1,10,10
1,10,10
1,10,10
1,10,10
1,10,10
1,10,10
1,10,10
1,10,10
1,10,10
1,10,10
1,10,10
1,10,10
1,10,10
1,10,10
1,10,10
1,10,10
1,10,10
1,10,10
1,10,10
1,10,10
1,10,10
1,10,10
1,10,10
1,10,10
1,10,10
1,10,10
1,10,10
1,10,10
1,10,10
1,10,10
1,10,10
1,10,10
1,10,10
1,10,10
1,10,10
1,10,10
1,10,10
1,10,10
1,10,10
1,10,10
1,10,10
1,10,10
1,10,10
1,10,10
1,10,10
1,10,10
1,10,10
1,10,10
1,10,10
1,10,10
1,10,10
1,10,10
1,10,10
1,10,10
1,10,10
1,10,10
1,10,10
1,10,10
1,10,10
1,10,10
1,10,10
1,10,10
1,10,10
1,10,10
1,10,10
1,10,10
1,10,10
1,10,10
1,10,10
1,10,10
1,10,10
1,10,10
1,10,10
1,10,10
1,10,10
1,10,10
1,10,10
1,10,10
1,10,10
1,10,10
1,10,10
1,10,10
1,10,10
1,10,10
1,10,10
1,10,10
1,10,10
1,10,10
1,10,10
1,10,10
1,10,10
1,10,10
1,10,10
1,10,10
1,10,10
1,10,10
1,10,10
1,10,10
1,10,10
1,10,10
1,10,10
1,10,10
1,10,10
1,10,10
1,10,10
1,10,10
1,10,10
1,10,10
1,10,10
1,10,10
1,10,10
1,10,10
1,10,10
1,10,10
1,10,10
1,10,10
1,10,10
1,10,10
1,10,10
1,10,10
1,10,10
1,10,10
1,10,10
1,10,10
1,10,10
1,10,10
1,10,10
1,10,10
1,10,10
1,10,10
1,10,10
1,10,10
1,10,10
1,10,10
1,10,10
1,10,10
1,10,10
1,10,10
1,10,10
1,10,10
1,10,10
1,10,10
1,10,10
1,10,10
1,10,10
1,10,10
1,10,10
1,10,10
1,10,10
1,10,10
1,10,10
1,10,10
1,10,10
1,10,10
1,10,10
1,10,10
1,10,10
1,10,10
1,10,10
1,10,10
1,10,10
1,10,10
1,10,10
1,10,10
1,10,10
1,10,10
1,10,10
1,10,10
1,10,10
1,10,10
1,10,10
1,10,10
1,10,10
1,10,10
1,10,10
1,10,10
1,10,10
1,10,10
1,10,10
1,10,10
1,10,10
1,10,10
1,10,10
1,10,10
1,10,10
1,10,10
1,10,10
1,10,10
1,10,10
1,10,10
1,10,10
1,10,10
1,10,10
1,10,10
1,10,10
1,10,10
1,10,10
1,10,10
1,10,10
1,10,10
1,10,10
1,10,10
1,10,10
1,10,10
1,10,10
1,10,10
1,10,10
1,10,10
1,10,10
1,10,10
1,10,10
1,10,10
1,10,10
1,10,10
1,10,10
1,10,10
1,10,10
1,10,10
1,10,10
1,10,10
1,10,10
1,10,10
1,10,10
1,10,10
1,10,10
1,10,10
1,10,10
1,10,10
1,10,10
1,10,10
1,10,10
1,10,10
1,10,10
1,10,10
1,10,10
1,10,10
1,10,10
1,10,10
1,10,10
1,10,10
1,10,10
1,10,10
1,10,10
1,10,10
1,10,10
1,10,10
1,10,10
1,10,10
1,10,10
1,10,10
1,10,10
1,10,10
1,10,10
1,10,10
1,10,10
1,10,10
1,10,10
1,10,10
1,10,10
1,10,10
1,10,10
1,10,10
1,10,10
1,10,10
1,10,10
1,10,10
1,10,10
1,10,10
1,10,10
1,10,10
1,10,10
1,10,10
1,10,10
1,10,10
1,10,10
1,10,10
1,10,10
1,10,10
1,10,10
1,10,10
1,10,10
1,10,10
1,10,10
1,10,10
1,10,10
1,10,10
1,10,10
1,10,10
1,10,10
1,10,10
1,10,10
1,10,10
1,10,10
1,10,10
1,10,10
1,10,10
1,10,10
1,10,10
1,10,10
1,10,10
1,10,10
#MOTOR_B1
1,100,127
1,100,127
1,100,127
1,100,127
1,100,127
1,100,127
1,100,127
1,100,127
1,100,127
1,100,127
1,100,127
1,100,127
1,100,127
1,100,127
1,100,127
1,100,127
1,100,127
1,100,127
1,100,127
1,100,127
1,100,127
1,100,127
1,100,127
1,100,127
1,100,127
1,100,127
1,100,127
1,100,127
1,100,127
1,100,127
1,100,127
1,100,127
1,100,127
1,100,127
1,100,127
1,100,127
1,100,127
1,100,127
1,100,127
1,100,127
1,100,127
1,100,127
1,100,127
1,100,127
1,100,127
1,100,127
1,100,127
1,100,127
1,100,127
1,100,127
1,100,127
1,100,127
1,100,127
1,100,127
1,100,127
1,100,127
1,100,127
1,100,127
1,100,127
1,100,127
1,100,127
1,100,127
1,100,127
1,100,127
1,100,127
1,100,127
1,100,127
1,100,127
1,100,127
1,100,127
1,100,127
1,100,127
1,100,127
1,100,127
1,100,127
1,100,127
1,100,127
1,100,127
1,100,127
1,100,127
1,100,127
1,100,127
1,100,127
1,100,127
1,100,127
1,100,127
1,100,127
1,100,127
1,100,127
1,100,127
1,100,127
1,100,127
1,100,127
1,100,127
1,100,127
1,100,127
1,100,127
1,100,127
1,100,127
1,100,127
1,100,127
1,100,127
1,100,127
1,100,127
1,100,127
1,100,127
1,100,127
1,100,127
1,100,127
1,100,127
1,100,127
1,100,127
1,100,127
1,100,127
1,100,127
1,100,127
1,100,127
1,100,127
1,100,127
1,100,127
1,100,127
1,100,127
1,100,127
1,100,127
1,100,127
1,100,127
1,100,127
1,100,127
1,100,127
1,100,127
1,100,127
1,100,127
1,100,127
1,100,127
1,100,127
1,100,127
1,100,127
1,100,127
1,100,127
1,100,127
1,100,127
1,100,127
1,100,127
1,100,127
1,100,127
1,100,127
1,100,127
1,100,127
1,100,127
1,100,127
1,100,127
1,100,127
1,100,127
1,100,127
1,100,127
1,100,127
1,100,127
1,100,127
1,100,127
1,100,127
1,100,127
1,100,127
1,100,127
1,100,127
1,100,127
1,100,127
1,100,127
1,100,127
1,100,127
1,100,127
1,100,127
1,100,127
1,100,127
1,100,127
1,100,127
1,100,127
1,100,127
1,100,127
1,100,127
1,100,127
1,100,127
1,100,127
1,100,127
1,100,127
1,100,127
1,100,127
1,100,127
1,100,127
1,100,127
1,100,127
1,100,127
1,100,127
1,100,127
1,100,127
1,100,127
1,100,127
1,100,127
1,100,127
1,100,127
1,100,127
1,100,127
1,100,127
1,100,127
1,100,127
1,100,127
1,100,127
1,100,127
1,100,127
1,100,127
1,100,127
1,100,127
1,100,127
1,100,127
1,100,127
1,100,127
1,100,127
1,100,127
1,100,127
1,100,127
1,100,127
1,100,127
1,100,127
1,100,127
1,100,127
1,100,127
1,100,127
1,100,127
1,100,127
1,100,127
1,100,127
1,100,127
1,100,127
1,100,127
1,100,127
1,100,127
1,100,127
1,100,127
1,100,127
1,100,127
1,100,127
1,100,127
1,100,127
1,100,127
1,100,127
1,100,127
1,100,127
1,100,127
1,100,127
1,100,127
1,100,127
1,100,127
1,100,127
1,100,127
1,100,127
1,100,127
1,100,127
1,100,127
1,100,127
1,100,127
1,100,127
1,100,127
1,100,127
1,100,127
1,100,127
1,100,127
1,100,127
1,100,127
1,100,127
1,100,127
1,100,127
1,100,127
1,100,127
1,100,127
1,100,127
1,100,127
1,100,127
1,100,127
1,100,127
1,100,127
1,100,127
1,100,127
1,100,127
1,100,127
1,100,127
1,100,127
1,100,127
1,100,127
1,100,127
1,100,127
1,100,127
1,100,127
1,100,127
1,100,127
1,100,127
1,100,127
1,100,127
1,100,127
1,100,127
1,100,127
1,100,127
1,100,127
1,100,127
1,100,127
1,100,127
1,100,127
1,100,127
1,100,127
1,100,127
1,100,127
1,100,127
1,100,127
1,100,127
1,100,127
1,100,127
1,100,127
1,100,127
1,100,127
1,100,127
1,100,127
1,100,127
1,100,127
1,100,127
1,100,127
1,100,127
1,100,127
1,100,127
1,100,127
1,100,127
1,100,127
1,100,127
1,100,127
1,100,127
1,100,127
1,100,127
1,100,127
1,100,127
1,100,127
1,100,127
1,100,127
1,100,127
1,100,127
1,100,127
1,100,127
1,100,127
1,100,127
1,100,127
1,100,127
1,100,127
1,100,127
1,100,127
1,100,127
1,100,127
1,100,127
1,100,127
1,100,127
1,100,127
1,100,127
1,100,127
1,100,127
1,100,127
1,100,127
1,100,127
1,100,127
1,100,127
1,100,127
1,100,127
1,100,127
1,100,127
1,100,127
1,100,127
1,100,127
1,100,127
1,100,127
1,100,127
1,100,127
1,100,127
1,100,127
1,100,127
1,100,127
1,100,127
1,100,127
1,100,127
1,100,127
1,100,127
1,100,127
1,100,127
1,100,127
1,100,127
1,100,127
1,100,127
1,100,127
1,100,127
1,100,127
1,100,127
1,100,127
1,100,127
1,100,127
1,100,127
1,100,127
1,100,127
1,100,127
1,100,127
1,100,127
1,100,127
1,100,127
1,100,127
1,100,127
1,100,127
1,100,127
1,100,127
1,100,127
1,100,127
1,100,127
1,100,127
1,100,127
1,100,127
1,100,127
1,100,127
1,100,127
1,100,127
1,100,127
1,100,127
1,100,127
1,100,127
1,100,127
1,100,127
1,100,127
1,100,127
1,100,127
1,100,127
1,100,127
1,100,127
1,100,127
1,100,127
1,100,127
1,100,127
1,100,127
1,100,127
1,100,127
1,100,127
1,100,127
1,100,127
1,100,127
1,100,127
1,100,127
1,100,127
1,100,127
1,100,127
1,100,127
1,100,127
1,100,127
1,100,127
1,100,127
1,100,127
1,100,127
1,100,127
1,100,127
1,100,127
1,100,127
1,100,127
1,100,127
1,100,127
1,100,127
1,100,127
1,100,127
1,100,127
1,100,127
1,100,127
1,100,127
1,100,127
1,100,127
1,100,127
1,100,127
1,100,127
1,100,127
1,100,127
1,100,127
1,100,127
1,100,127
1,100,127
1,100,127
1,100,127
1,100,127
1,100,127
1,100,127
1,100,127
1,100,127
1,100,127
1,100,127
1,100,127
1,100,127
1,100,127
1,100,127
1,100,127
1,100,127
1,100,127
1,100,127
1,100,127
1,100,127
1,100,127
1,100,127
1,100,127
1,100,127
1,100,127
1,100,127
1,100,127
1,100,127
1,100,127
1,100,127
1,100,127
1,100,127
1,100,127
1,100,127
1,100,127
1,100,127
1,100,127
1,100,127
1,100,127
1,100,127
1,100,127
1,100,127
1,100,127
1,100,127
1,100,127
1,100,127
1,100,127
1,100,127
1,100,127
1,100,127
1,100,127
1,100,127
1,100,127
1,100,127
1,100,127
1,100,127
1,100,127
1,100,127
1,100,127
1,100,127
1,100,127
1,100,127
1,100,127
1,100,127
1,100,127
1,100,127
1,100,127
1,100,127
1,100,127
1,100,127
1,100,127
1,100,127
1,100,127
1,100,127
1,100,127
1,100,127
1,100,127
1,100,127
1,100,127
1,100,127
1,100,127
1,100,127
1,100,127
1,100,127
1,100,127
1,100,127
1,100,127
1,100,127
1,100,127
1,100,127
1,100,127
1,100,127
1,100,127
1,100,127
1,100,127
1,100,127
1,100,127
1,100,127
1,100,127
1,100,127
1,100,127
1,100,127
1,100,127
1,100,127
1,100,127
1,100,127
1,100,127
1,100,127
1,100,127
1,100,127
1,100,127
1,100,127
1,100,127
1,100,127
1,100,127
1,100,127
1,100,127
1,100,127
1,100,127
1,100,127
1,100,127
1,100,127
1,100,127
1,100,127
1,100,127
1,100,127
1,100,127
1,100,127
1,100,127
1,100,127
1,100,127
1,100,127
1,100,127
1,100,127
1,100,127
1,100,127
1,100,127
1,100,127
1,100,127
1,100,127
1,100,127
1,100,127
1,100,127
1,100,127
1,100,127
1,100,127
1,100,127
1,100,127
1,100,127
1,100,127
1,100,127
1,100,127
1,100,127
1,100,127
1,100,127
1,100,127
1,100,127
1,100,127
1,100,127
1,100,127
1,100,127
1,100,127
1,100,127
1,100,127
1,100,127
1,100,127
1,100,127
1,100,127
1,100,127
1,100,127
1,100,127
1,100,127
1,100,127
1,100,127
1,100,127
1,100,127
1,100,127
1,100,127
1,100,127
1,100,127
1,100,127
1,100,127
1,100,127
1,100,127
1,100,127
1,100,127
1,100,127
1,100,127
1,100,127
1,100,127
1,100,127
1,100,127
1,100,127
1,100,127
1,100,127
1,100,127
1,100,127
1,100,127
1,100,127
1,100,127
1,100,127
1,100,127
1,100,127
1,100,127
1,100,127
1,100,127
1,100,127
1,100,127
1,100,127
1,100,127
1,100,127
1,100,127
1,100,127
1,100,127
1,100,127
1,100,127
1,100,127
1,100,127
1,100,127
1,100,127
1,100,127
1,100,127
1,100,127
1,100,127
1,100,127
1,100,127
1,100,127
1,100,127
1,100,127
1,100,127
1,100,127
1,100,127
1,100,127
1,100,127
1,100,127
1,100,127
1,100,127
1,100,127
1,100,127
1,100,127
1,100,127
1,100,127
1,100,127
1,100,127
1,100,127
1,100,127
1,100,127
1,100,127
1,100,127
1,100,127
1,100,127
1,100,127
1,100,127
1,100,127
1,100,127
1,100,127
1,100,127
1,100,127
1,100,127
1,100,127
1,100,127
1,100,127
1,100,127
1,100,127
1,100,127
1,100,127
1,100,127
1,100,127
1,100,127
1,100,127
1,100,127
1,100,127
1,100,127
1,100,127
1,100,127
1,100,127
1,100,127
1,100,127
1,100,127
1,100,127
1,100,127
1,100,127
1,100,127
1,100,127
1,100,127
1,100,127
1,100,127
1,100,127
1,100,127
1,100,127
1,100,127
1,100,127
1,100,127
1,100,127
1,100,127
1,100,127
1,100,127
1,100,127
1,100,127
1,100,127
1,100,127
1,100,127
1,100,127
1,100,127
1,100,127
1,100,127
1,100,127
1,100,127
1,100,127
1,100,127
1,100,127
1,100,127
1,100,127
1,100,127
1,100,127
1,100,127
1,100,127
1,100,127
1,100,127
1,100,70
1,100,70
#MOTOR_B2
-1,10,0
-1,10,0
-1,10,0
-1,10,0
-1,10,0
-1,10,0
-1,10,0
-1,10,0
-1,10,0
-1,10,0
-1,10,0
-1,10,0
-1,10,0
-1,10,0
-1,10,0
-1,10,0
-1,10,0
-1,10,0
-1,10,0
-1,10,0
-1,10,0
-1,10,0
-1,10,0
-1,10,0
-1,10,0
-1,10,0
-1,10,0
-1,10,0
-1,10,0
-1,10,0
-1,10,0
-1,10,0
-1,10,0
-1,10,0
-1,10,0
-1,10,0
-1,10,0
-1,10,0
-1,10,0
-1,10,0
-1,10,0
-1,10,0
-1,10,0
-1,10,0
-1,10,0
-1,10,0
-1,10,0
-1,10,1
-1,11,1
-1,11,2
-1,11,2
-1,11,2
-1,12,3
-1,12,3
-1,12,3
-1,12,4
-1,12,4
-1,13,5
-1,13,5
-1,13,5
-1,13,6
-1,14,6
-1,14,6
-1,14,7
-1,14,7
-1,14,8
-1,15,8
-1,15,8
-1,15,9
-1,15,9
-1,16,9
-1,16,10
-1,16,10
-1,16,11
-1,16,11
-1,17,11
-1,17,12
-1,17,12
-1,17,12
-1,18,13
-1,18,13
-1,18,14
-1,18,14
-1,18,14
-1,19,15
-1,19,15
-1,19,15
-1,19,16
-1,20,16
-1,20,17
-1,20,17
-1,20,17
-1,21,18
-1,21,18
-1,21,18
-1,21,19
-1,21,19
-1,22,20
-1,22,20
-1,22,20
-1,22,21
-1,23,21
-1,23,21
-1,23,22
-1,23,22
-1,23,23
-1,24,23
-1,24,23
-1,24,24
-1,24,24
-1,25,24
-1,25,25
-1,25,25
-1,25,26
-1,25,26
-1,26,26
-1,26,27
-1,26,27
-1,26,27
-1,27,28
-1,27,28
-1,27,29
-1,27,29
-1,27,29
-1,28,30
-1,28,30
-1,28,30
-1,28,31
-1,29,31
-1,29,32
-1,29,32
-1,29,32
-1,29,33
-1,30,33
-1,30,34
-1,30,34
-1,30,34
-1,31,35
-1,31,35
-1,31,35
-1,31,36
-1,31,36
-1,32,37
-1,32,37
-1,32,37
-1,32,38
-1,33,38
-1,33,38
-1,33,39
-1,33,39
-1,33,40
-1,34,40
-1,34,40
-1,34,41
-1,34,41
-1,35,41
-1,35,42
-1,35,42
-1,35,43
-1,35,43
-1,36,43
-1,36,44
-1,36,44
-1,36,44
-1,37,45
-1,37,45
-1,37,46
-1,37,46
-1,37,46
-1,38,47
-1,38,47
-1,38,47
-1,38,48
-1,39,48
-1,39,49
-1,39,49
-1,39,49
-1,40,50
-1,40,50
-1,40,50
-1,40,51
-1,40,51
-1,41,52
-1,41,52
-1,41,52
-1,41,53
-1,42,53
-1,42,53
-1,42,54
-1,42,54
-1,42,55
-1,43,55
-1,43,55
-1,43,56
-1,43,56
-1,44,56
-1,44,57
-1,44,57
-1,44,58
-1,44,58
-1,45,58
-1,45,59
-1,45,59
-1,45,59
-1,46,60
-1,46,60
-1,46,61
-1,46,61
-1,46,61
-1,47,62
-1,47,62
-1,47,62
-1,47,63
-1,48,63
-1,48,64
-1,48,64
-1,48,64
-1,48,65
-1,49,65
-1,49,66
-1,49,66
-1,49,66
-1,50,67
-1,50,67
-1,50,67
-1,50,68
-1,50,68
-1,51,69
-1,51,69
-1,51,69
-1,51,70
-1,52,70
-1,52,70
-1,52,71
-1,52,71
-1,52,72
-1,53,72
-1,53,72
-1,53,73
-1,53,73
-1,54,73
-1,54,74
-1,54,74
-1,54,75
-1,54,75
-1,55,75
-1,55,76
-1,55,76
-1,55,76
-1,56,77
-1,56,77
-1,56,78
-1,56,78
-1,56,78
-1,57,79
-1,57,79
-1,57,79
-1,57,80
-1,58,80
-1,58,81
-1,58,81
-1,58,81
-1,59,82
-1,59,82
-1,59,82
-1,59,83
-1,59,83
-1,60,84
-1,60,84
-1,60,84
-1,60,85
-1,61,85
-1,61,85
-1,61,86
-1,61,86
-1,61,87
-1,62,87
-1,62,87
-1,62,88
-1,62,88
-1,63,88
-1,63,89
-1,63,89
-1,63,90
-1,63,90
-1,64,90
-1,64,91
-1,64,91
-1,64,91
-1,65,92
-1,65,92
-1,65,93
-1,65,93
-1,65,93
-1,66,94
-1,66,94
-1,66,94
-1,66,95
-1,67,95
-1,67,96
-1,67,96
-1,67,96
-1,67,95
-1,68,95
-1,68,95
-1,68,95
-1,68,94
-1,69,94
-1,69,94
-1,69,94
-1,69,93
-1,69,93
-1,70,93
-1,70,93
-1,70,92
-1,70,92
-1,71,92
-1,71,91
-1,71,91
-1,71,91
-1,71,91
-1,72,90
-1,72,90
-1,72,90
-1,72,90
-1,73,89
-1,73,89
-1,73,89
-1,73,89
-1,73,88
-1,74,88
-1,74,88
-1,74,87
-1,74,87
-1,75,87
-1,75,87
-1,75,86
-1,75,86
-1,75,86
-1,76,86
-1,76,85
-1,76,85
-1,76,85
-1,77,85
-1,77,84
-1,77,84
-1,77,84
-1,77,83
-1,78,83
-1,78,83
-1,78,83
-1,78,82
-1,79,82
-1,79,82
-1,79,82
-1,79,81
-1,79,81
-1,80,81
-1,80,81
-1,80,80
-1,80,80
-1,81,80
-1,81,79
-1,81,79
-1,81,79
-1,81,79
-1,82,78
-1,82,78
-1,82,78
-1,82,78
-1,83,77
-1,83,77
-1,83,77
-1,83,77
-1,83,76
-1,84,76
-1,84,76
-1,84,75
-1,84,75
-1,85,75
-1,85,75
-1,85,74
-1,85,74
-1,85,74
-1,86,74
-1,86,73
-1,86,73
-1,86,73
-1,87,73
-1,87,72
-1,87,72
-1,87,72
-1,87,71
-1,88,71
-1,88,71
-1,88,71
-1,88,70
-1,89,70
-1,89,70
-1,89,70
-1,89,69
-1,89,69
-1,90,69
-1,90,69
-1,90,68
-1,90,68
-1,91,68
-1,91,67
-1,91,67
-1,91,67
-1,91,67
-1,92,66
-1,92,66
-1,92,66
-1,92,66
-1,93,65
-1,93,65
-1,93,65
-1,93,65
-1,93,64
-1,94,64
-1,94,64
-1,94,63
-1,94,63
-1,95,63
-1,95,63
-1,95,62
-1,95,62
-1,95,62
-1,96,62
-1,96,61
-1,96,61
-1,96,61
-1,97,61
-1,97,60
-1,97,60
-1,97,60
-1,97,59
-1,98,59
-1,98,59
-1,98,59
-1,98,58
-1,99,58
-1,99,58
-1,99,58
-1,99,57
-1,99,57
-1,100,57
-1,100,57
-1,100,56
-1,100,56
-1,101,56
-1,101,55
-1,101,55
-1,101,55
-1,101,55
-1,102,54
-1,102,54
-1,102,54
-1,102,54
-1,103,53
-1,103,53
-1,103,53
-1,103,53
-1,103,52
-1,104,52
-1,104,52
-1,104,51
-1,104,51
-1,105,51
-1,105,51
-1,105,50
-1,105,50
-1,105,50
-1,106,50
-1,106,49
-1,106,49
-1,106,49
-1,107,49
-1,107,48
-1,107,48
-1,107,48
-1,107,47
-1,108,47
-1,108,47
-1,108,47
-1,108,46
-1,109,46
-1,109,46
-1,109,46
-1,109,45
-1,109,45
-1,110,45
-1,110,45
-1,110,44
-1,110,44
-1,111,44
-1,111,43
-1,111,43
-1,111,43
-1,111,43
-1,112,42
-1,112,42
-1,112,42
-1,112,42
-1,113,41
-1,113,41
-1,113,41
-1,113,41
-1,113,40
-1,114,40
-1,114,40
-1,114,39
-1,114,39
-1,115,39
-1,115,39
-1,115,38
-1,115,38
-1,115,38
-1,116,38
-1,116,37
-1,116,37
-1,116,37
-1,117,37
-1,117,36
-1,117,36
-1,117,36
-1,117,35
-1,118,35
-1,118,35
-1,118,35
-1,118,34
-1,119,34
-1,119,34
-1,119,34
-1,119,33
-1,119,33
-1,120,33
-1,120,33
-1,120,32
-1,120,32
-1,121,32
-1,121,31
-1,121,31
-1,121,31
-1,121,31
-1,122,30
-1,122,30
-1,122,30
-1,122,30
-1,123,29
-1,123,29
-1,123,29
-1,123,29
-1,123,28
-1,124,28
-1,124,28
-1,124,27
-1,124,27
-1,125,27
-1,125,27
-1,125,26
-1,125,26
-1,125,26
-1,126,26
-1,126,25
-1,126,25
-1,126,25
-1,127,25
-1,127,24
-1,127,24
-1,127,24
-1,127,23
-1,128,23
-1,128,23
-1,128,23
-1,128,22
-1,129,22
-1,129,22
-1,129,22
-1,129,21
-1,129,21
-1,130,21
-1,130,21
-1,130,20
-1,130,20
-1,131,20
-1,131,19
-1,131,19
-1,131,19
-1,131,19
-1,132,18
-1,132,18
-1,132,18
-1,132,18
-1,133,17
-1,133,17
-1,133,17
-1,133,17
-1,133,16
-1,134,16
-1,134,16
-1,134,15
-1,134,15
-1,135,15
-1,135,15
-1,135,14
-1,135,14
-1,135,14
-1,136,14
-1,136,13
-1,136,13
-1,136,13
-1,137,13
-1,137,12
-1,137,12
-1,137,12
-1,137,11
-1,138,11
-1,138,11
-1,138,11
-1,138,10
-1,139,10
-1,139,10
-1,139,10
-1,139,9
-1,139,9
-1,140,9
-1,140,9
-1,140,8
-1,140,8
-1,141,8
-1,141,7
-1,141,7
-1,141,7
-1,141,7
-1,142,6
-1,142,6
-1,142,6
-1,142,6
-1,143,5
-1,143,5
-1,143,5
-1,143,5
-1,143,4
-1,144,4
-1,144,4
-1,144,3
-1,144,3
-1,145,3
-1,145,3
-1,145,2
-1,145,2
-1,145,2
-1,146,2
-1,146,1
-1,146,1
-1,146,1
-1,147,1
-1,147,0
-1,147,0
-1,147,0
-1,147,0
-1,147,0
-1,147,0
-1,147,0
-1,147,0
-1,147,0
-1,147,0
-1,147,0
-1,147,0
-1,147,0
-1,147,0
-1,147,0
-1,147,0
-1,147,0
-1,147,0
-1,147,0
-1,147,0
-1,147,0
-1,147,0
-1,147,0
-1,147,0
-1,147,0
-1,147,0
-1,147,0
-1,147,0
-1,147,0
-1,147,0
-1,147,0
-1,147,0
-1,147,0
-1,147,0
-1,147,0
-1,147,0
-1,147,0
-1,147,0
-1,147,0
-1,147,0
-1,147,0
-1,147,0
-1,147,0
-1,147,0
-1,147,0
-1,147,0
-1,147,0
-1,147,0
-1,147,0
-1,147,0
-1,147,0
-1,147,0
-1,147,0
-1,147,0
-1,147,0
-1,147,0
-1,147,0
-1,147,0
-1,147,0
-1,147,0
-1,147,0
-1,147,0
-1,147,0
-1,147,0
-1,147,0
-1,147,0
-1,147,0
-1,147,0
-1,147,0
-1,147,0
-1,147,0
-1,147,0
-1,147,0
-1,147,0
-1,147,0
-1,147,0
-1,147,0
-1,147,0
-1,147,0
-1,147,0
-1,147,0
-1,147,0
-1,147,0
-1,147,0
-1,147,0
-1,147,0
-1,147,0
-1,147,0
-1,147,0
-1,147,0
-1,147,0
-1,147,0
-1,147,0
-1,147,0
-1,147,0
-1,147,0
-1,147,0
-1,147,0
-1,147,0
-1,147,0
-1,147,0
-1,147,0
-1,147,0
-1,147,0
-1,147,0
-1,147,0
-1,147,0
-1,147,0
-1,147,0
-1,147,0
-1,147,0
-1,147,0
-1,147,0
-1,147,0
-1,147,0
-1,147,0
-1,147,0
-1,147,0
-1,147,0
-1,147,0
-1,147,0
-1,147,0
-1,147,0
-1,147,0
-1,147,0
-1,147,0
-1,147,0
-1,147,0
-1,147,0
-1,147,0
-1,147,0
-1,147,0
-1,147,0
-1,147,0
-1,147,0
-1,147,0
-1,147,0
-1,147,0
-1,147,0
-1,147,0
-1,147,0
#
